"RI","Na","Mg","Al","Si","K","Ca","Ba","Fe","Type"
1.52101,13.64,4.49,1.10,71.78,0.06,8.75,0.00,0.00,1
1.51761,13.89,3.60,1.36,72.73,0.48,7.83,0.00,0.00,1
1.51618,13.53,3.55,1.54,72.99,0.39,7.78,0.00,0.00,1
1.51766,13.21,3.69,1.29,72.61,0.57,8.22,0.00,0.00,1
1.52210,13.73,3.84,0.72,71.76,0.17,9.74,0.00,0.00,1
1.51786,12.73,3.43,1.19,72.95,0.62,8.76,0.00,0.30,1
1.51900,13.49,3.48,1.35,71.95,0.55,9.00,0.00,0.00,1
1.51869,13.19,3.37,1.18,72.72,0.57,8.83,0.00,0.16,1
1.52667,13.99,3.70,0.71,71.57,0.02,9.82,0.00,0.10,1
1.52223,13.21,3.77,0.79,71.99,0.13,10.02,0.00,0.00,1
1.51898,13.58,3.35,1.23,72.08,0.59,8.91,0.00,0.00,1
1.52320,13.72,3.72,0.51,71.75,0.09,10.06,0.00,0.16,1
1.51926,13.20,3.33,1.28,72.36,0.60,9.14,0.00,0.11,1
1.51808,13.43,2.87,1.19,72.84,0.55,9.03,0.00,0.00,1
1.51837,13.14,2.84,1.28,72.85,0.55,9.07,0.00,0.00,1
1.51778,13.21,2.81,1.29,72.98,0.51,9.02,0.00,0.09,1
1.51769,12.45,2.71,1.29,73.70,0.56,9.06,0.00,0.24,1
1.51215,12.99,3.47,1.12,72.98,0.62,8.35,0.00,0.31,1
1.51824,12.87,3.48,1.29,72.95,0.60,8.43,0.00,0.00,1
1.51625,13.36,3.58,1.49,72.72,0.45,8.21,0.00,0.00,2
1.51569,13.24,3.49,1.47,73.25,0.38,8.03,0.00,0.00,2
1.51645,13.40,3.49,1.52,72.65,0.67,8.08,0.00,0.10,2
1.51618,13.01,3.50,1.48,72.89,0.60,8.12,0.00,0.00,2
1.51640,12.55,3.48,1.87,73.23,0.63,8.08,0.00,0.09,2
1.51841,12.93,3.74,1.11,72.28,0.64,8.96,0.00,0.22,2
1.51605,12.90,3.44,1.45,73.06,0.44,8.27,0.00,0.00,2
1.51588,13.12,3.41,1.58,73.26,0.07,8.39,0.00,0.19,2
1.51590,13.24,3.34,1.47,73.10,0.39,8.22,0.00,0.00,2
1.51629,12.71,3.33,1.49,73.28,0.67,8.24,0.00,0.00,2
1.51860,13.36,3.43,1.43,72.26,0.51,8.60,0.00,0.00,2
1.51841,13.02,3.62,1.06,72.34,0.64,9.13,0.00,0.15,2
1.51743,12.20,3.25,1.16,73.55,0.62,8.90,0.00,0.24,2
1.51689,12.67,2.88,1.71,73.21,0.73,8.54,0.00,0.00,2
1.51811,12.96,2.96,1.43,72.92,0.60,8.79,0.14,0.00,2
1.51655,12.75,2.85,1.44,73.27,0.57,8.79,0.11,0.22,2
1.51730,12.35,2.72,1.63,72.87,0.70,9.23,0.00,0.00,2
1.51820,12.62,2.76,0.83,73.81,0.35,9.42,0.00,0.20,2
1.51694,12.86,3.58,1.31,72.61,0.61,8.79,0.00,0.00,3
1.51646,13.04,3.40,1.26,73.01,0.52,8.58,0.00,0.00,3
1.51655,13.41,3.39,1.28,72.64,0.52,8.65,0.00,0.00,3
1.52121,14.03,3.76,0.58,71.79,0.11,9.65,0.00,0.00,3
1.51776,13.53,3.41,1.52,72.04,0.58,8.79,0.00,0.00,3
1.51796,13.50,3.36,1.63,71.94,0.57,8.81,0.00,0.09,3
1.51832,13.33,3.34,1.54,72.14,0.56,8.99,0.00,0.00,3
1.51934,13.64,3.54,0.75,72.65,0.16,8.89,0.15,0.24,3
1.52211,14.19,3.78,0.91,71.36,0.23,9.14,0.00,0.37,3
1.51514,14.01,2.68,3.50,69.89,1.68,5.87,2.20,0.00,5
1.51915,12.73,1.85,1.86,72.69,0.60,10.09,0.00,0.00,5
1.52171,11.56,1.88,1.56,72.86,0.47,11.41,0.00,0.00,5
1.52151,11.03,1.71,1.56,73.44,0.58,11.62,0.00,0.00,5
1.51969,12.64,0.00,1.65,73.75,0.38,11.53,0.00,0.00,5
1.51666,12.86,0.00,1.83,73.88,0.97,10.17,0.00,0.00,5
1.51994,13.27,0.00,1.76,73.03,0.47,11.32,0.00,0.00,5
1.52369,13.44,0.00,1.58,72.22,0.32,12.24,0.00,0.00,5
1.51316,13.02,0.00,3.04,70.48,6.21,6.96,0.00,0.00,5
1.51321,13.00,0.00,3.02,70.70,6.21,6.93,0.00,0.00,5
1.52043,13.38,0.00,1.40,72.25,0.33,12.50,0.00,0.00,5
1.52058,12.85,1.61,2.17,72.18,0.76,9.70,0.24,0.51,5
1.52119,12.97,0.33,1.51,73.39,0.13,11.27,0.00,0.28,5
1.51905,14.00,2.39,1.56,72.37,0.00,9.57,0.00,0.00,6
1.51937,13.79,2.41,1.19,72.76,0.00,9.77,0.00,0.00,6
1.51829,14.46,2.24,1.62,72.38,0.00,9.26,0.00,0.00,6
1.51852,14.09,2.19,1.66,72.67,0.00,9.32,0.00,0.00,6
1.51299,14.40,1.74,1.54,74.55,0.00,7.59,0.00,0.00,6
1.51888,14.99,0.78,1.74,72.50,0.00,9.95,0.00,0.00,6
1.51916,14.15,0.00,2.09,72.74,0.00,10.88,0.00,0.00,6
1.51969,14.56,0.00,0.56,73.48,0.00,11.22,0.00,0.00,6
1.51115,17.38,0.00,0.34,75.41,0.00,6.65,0.00,0.00,6
1.51131,13.69,3.20,1.81,72.81,1.76,5.43,1.19,0.00,7
1.51838,14.32,3.26,2.22,71.25,1.46,5.79,1.63,0.00,7
1.52315,13.44,3.34,1.23,72.38,0.60,8.83,0.00,0.00,7
1.52247,14.86,2.20,2.06,70.26,0.76,9.76,0.00,0.00,7
1.52365,15.79,1.83,1.31,70.43,0.31,8.61,1.68,0.00,7