Area Perimeter Compactness LengthK WidthK Asymmetry LengthKG Type
15.26 	14.84	0.871	5.763	3.312	2.221	5.22	1
14.88	14.57	0.8811	5.554	3.333	1.018	4.956	1
14.29	14.09	0.905	5.291	3.337	2.699	4.825	1
12.36	13.19	0.8923	5.076	3.042	3.22	4.605	1
13.22	13.84	0.868	5.395	3.07	4.157	5.088	1
12.78	13.57	0.8716	5.262	3.026	1.176	4.782	1
12.88	13.5	0.8879	5.139	3.119	2.352	4.607	1
14.34	14.37	0.8726	5.63	3.19	1.313	5.15	1
14.01	14.29	0.8625	5.609	3.158	2.217	5.132	1
14.37	14.39	0.8726	5.569	3.153	1.464	5.3		1
12.73	13.75	0.8458	5.412	2.882	3.533	5.067	1
17.63	15.98	0.8673	6.191	3.561	4.076	6.06	2
16.84	15.67	0.8623	5.998	3.484	4.675	5.877	2
17.26	15.73	0.8763	5.978	3.594	4.539	5.791	2
17.12	15.55	0.8892	5.85	3.566	2.858	5.746	2
16.53	15.34	0.8823	5.875	3.467	5.532	5.88	2
18.43	15.97	0.9077	5.98	3.771	2.984	5.905	2
15.99	14.89	0.9064	5.363	3.582	3.336	5.144	2
18.75	16.18	0.8999	6.111	3.869	4.188	5.992	2
18.65	16.41	0.8698	6.285	3.594	4.391	6.102	2
17.98	15.85	0.8993	5.979	3.687	2.257	5.919	2
20.16	17.03	0.8735	6.513	3.773	1.91	6.185	2
17.55	15.66	0.8991	5.791	3.69	5.366	5.661	2
18.3	15.89	0.9108	5.979	3.755	2.837	5.962	2
12.67	13.32	0.8977	4.984	3.135	2.3		4.745	3
11.18	12.72	0.868	5.009	2.81	4.051	4.828	3
12.7	13.41	0.8874	5.183	3.091	8.456	5		3
12.37	13.47	0.8567	5.204	2.96	3.919	5.001	3
12.19	13.2	0.8783	5.137	2.981	3.631	4.87	3
11.23	12.88	0.8511	5.14	2.795	4.325	5.003	3
13.2	13.66	0.8883	5.236	3.232	8.315	5.056	3
11.84	13.21	0.8521	5.175	2.836	3.598	5.044	3
12.3	13.34	0.8684	5.243	2.974	5.637	5.063	3
